start=1196.533000
sub-delay=-0.000000
